011100000010110001100111010101010111010001000101011110010010010101101100011001000110001101000110010100100010011001010011010110000110010101100111010101110010111101001110010001000111001001011000011001100010111101101111010101100010111001010100011010100111001001010010010100000110111101100111011100100010001101110010010110010010111101001101010000110100001101010011
010110010101111001010000010101100010011001100101010001100010011001001110010011010111111001000001010101100010010001010010011011100101111101011001011110000010111001110100010100110010011001010000010001100010000101010000010011110010011001111000010000100101111001100101011101010010011001010110010000100010011001100111010011110010011001101100011100000010110101110000
011010100010000101110010011010010110011101011001010011010110111001100101010101110110100101001110010100100110000001101101011101010110010001101010010011110110111101010110010011110011111101011000010010000110001101110011011000110110000001000011010010110110010101100110011010110010011001110100010001000100010001101110011110010011111101101000011010010110000001010011
010011100010011001110101010011100010111101111000011100100010011001101101010011010101111101001111010010110010000101001100011010000010101001001111010101010110000001110001011000110010111101001001010101000010110001101111010101110100000001111001011100000100000001000011010100000100000001101010011001100011111101110101010001100111111001101111011011000010011001101100
011101000100000001000100010100000101111001110010010001010010011001110111010001000010011001000011011000100010110001101110011101110111111001101001011101000110000001110111011110000010110101100011011011000010110101000111010011000100000001000010011100110011111101000010011100100010111101101100010000110010101001110000011011110101111101001101010011100011111101110101
011001000010011001010100011001110010101001111000010001010010011001101110011001010010110001010101011001010010010101110011011010110010110101010101010001110010110001101011010001000010011001001010011011100010011001010110011001110100000001100101010010100110000001100100010010100010001101110101011011000010101001101000011000100010101001001101010010010111111001011010
011001000010011001010100011001110010101001111000010001010010011001101110011001010010110001010101011001010010010101110011011010110010110101010101010001110010110001101011010001000010011001001010011011100010011001010110011001110100000001100101010010100110000001100100010010100010001101110101011011000010101001101000011000100010101001001101010010010111111001011010
010000100010011001111001011110000111111001110101010001100010000101001011010100100111011101110010010001010101111101110001010000110010111001001010010001010110111101001000011100110111111001000011010110100010111101101001010001100101011101101111010001010010010101100100011100110010011001001110010101100100000001101101011000010010000101100100010100010100000001000101
011101010010011001110000010100000010011001000001010000100010011001110101011011010101111101100011011010000111111001100111010100000010110101101011011011010010011001010000010001010010111001100111011011110010010001010010010011110010001101000100010110010010110101111001011010100010011001001000011101110010101001000100011100000010001101100010011100000010101001101111
010100000010000101010111010110010011010101101000011100010100101001101000011000100010011001110101011100010101010101010001011011000010111101101010010110000101111001100111010011000101000101100101011001000010110001011010011100110011111101010010011100110100010101101111011000100010111101001101011110100011011001001111011010110011111101001100011001100010101001000001
010001000010101001110000010100000010011001001000011110000010011001101110011101110111111001010111011110000010101001001110011011100010011001001100011100010010011001110101011011000010000101011010010101000010000101110100011110100010101001100111011100110010011001101101011000110101111001000011011101100010010001101010010100100010001101101111010010000010010001101011
011010100010010001010101011101110011011101101010010100100011011101101101010011010011100101001000011010000011000101010010010101110010110001000010011100100011010101000010010001100011000101000010010001010010000101001010010001110010011001110111011000100110011101110100011001010111010101100010011000110010011001101001011000100100000101110110010000100100000001001011
010001100010110001001011011011110010001101000111011101010011111101101010011011010101111101111010010100110010001101100110010011110010111101010111011010100010111101101010010001110010111101011001011100000100000001010111010010010101111001110010011010010101111001110001011011000011111101110101010001010011111101010111010000110010111101101000011001010010010101101010
010000010110010101001101011000110111010001000110010010110110000101101001011101010010110001010010010100110111010001110100010100100101001101000011010110010010011001100010011000110011111101100100011001010110111101010100011010010110100101010101011101010010011001011010010001100110100001111010011110100100111101000110011100010010111001110001010010010010110101101111
010101010010000101101000011010000010110101001010011010110010010001101100011011000010011001011000010011010010110001010010010100110111111001110100011100000110000001000011010011000010110101001011011011000010011001010100011010000010011001010001011110010010010101100101011110000010111001010110010110100010011001011001011010000101111001011001011001000010011001000100
011100000101111001000101010010110111001001110100010101110110000101110011011011110010010001101000011011110100010101110001010011000010001101011000010101110110011101101101011110000010101001011001011011010110100101000011011100110011111101000111010101100100001001101111011010110010110001001000010101110010111101101101010100100010001101010101010001100101111001000111
010010100100000001000011011011000010011001000001010110000010011001010001011110010010101001001101011101010010111101100001011000110101111101001000010101000010011001100100011010010111111001010101010100000010111101000110010000100101111101000111010010110010011001100111011101100010000101101000010011110010011001010110010001100010000101100001010110000010001101101011
010101000110010101000100010010000111000001010010010010010110111101100010011110100110001101011010011010100111001101001101010110010110010101110000011000010110110001000001010101110011111101100111010000110110010101110110011010000101010001101010011000100010010101010011011001000010010001101111011001110111111001101110011100000010101001000011010001100101111001001111
011100010010011001010111011100000010010001010001011001010111111001000111010100000010011001111000011101100010110001110101011000010010101001111001010011010100000001001110010101100010001101001000010001010110000001110111010000010111111001000110010110100011111101101001011001000100000001000100010010100010001101010001010010010010011001010101011100010010010001101101
011001100010110001011010011110010011111101001010010001100010011001001100011010100010011001001000010010100010110101100010010011000010011001000110010100100010110001101010011010100010111001001000010100110010011001010100011001000010011001000001010001000010001101100010011100100010011001001110010001110101111101110111010001110010011001110111011001110101111001001101